t,active_cpu_fog,fog_capacity,pressure,predicted_pressure,prediction_uncertainty,tasks_placed_fog,tasks_placed_cloud,arrivals,scale_decision,scale_up_total,scale_down_total,energy_joules_cumul,energy_tick,offload_ratio,active_fog_nodes,overloaded,fog_f0_p,fog_f0_load,fog_f0_power,fog_f0_active,fog_f1_p,fog_f1_load,fog_f1_power,fog_f1_active,fog_f2_p,fog_f2_load,fog_f2_power,fog_f2_active,fog_f3_p,fog_f3_load,fog_f3_power,fog_f3_active,fog_f4_p,fog_f4_load,fog_f4_power,fog_f4_active,cloud_c0_load,cloud_c1_load
0,91.33333333333333,235.0,0.38865248226950355,0.0,0.08,2,0,2,none,0,0,189.50505050505052,189.50505050505052,0.0,3,0,0.8181818181818182,90.0,152.72727272727275,1,0.0,0.0,15.0,1,0.0,0.0,0.0,0,0.0,0.0,0.0,0,0.017777777777777778,1.3333333333333333,21.77777777777778,1,0.0,0.0
1,157.33333333333331,235.0,0.6695035460992907,0.13602836879432623,0.08,1,0,1,none,0,0,467.01010101010104,277.5050505050505,0.0,3,0,0.8181818181818182,90.0,152.72727272727275,1,0.0,0.0,15.0,1,0.0,0.0,0.0,0,0.0,0.0,0.0,0,0.8977777777777777,67.33333333333333,109.77777777777777,1,0.0,0.0
2,183.66666666666666,235.0,0.7815602836879432,0.3227446808510638,0.08,2,0,2,none,0,0,770.8484848484849,303.83838383838383,0.0,3,0,0.8181818181818182,90.0,152.72727272727275,1,0.5266666666666666,26.333333333333332,41.33333333333333,1,0.0,0.0,0.0,0,0.0,0.0,0.0,0,0.8977777777777777,67.33333333333333,109.77777777777777,1,0.0,0.0
3,189.33333333333334,235.0,0.8056737588652483,0.3492875886524822,0.08,2,0,2,none,0,0,1082.4141414141413,311.5656565656566,0.0,3,0,0.8696969696969697,95.66666666666667,160.45454545454547,1,0.5266666666666666,26.333333333333332,41.33333333333333,1,0.0,0.0,0.0,0,0.0,0.0,0.0,0,0.8977777777777777,67.33333333333333,109.77777777777777,1,0.0,0.0
4,99.66666666666667,235.0,0.42411347517730497,0.3715050177304964,0.08,2,0,2,none,0,0,1282.7575757575758,200.34343434343435,0.0,3,0,0.8696969696969697,95.66666666666667,160.45454545454547,1,0.026666666666666644,1.3333333333333321,16.333333333333332,1,0.0,0.0,0.0,0,0.0,0.0,0.0,0,0.035555555555555556,2.6666666666666665,23.555555555555557,1,0.0,0.0
5,101.0,235.0,0.4297872340425532,0.3899179778368794,0.08,1,0,1,none,0,0,1484.4343434343434,201.67676767676767,0.0,3,0,0.8696969696969697,95.66666666666667,160.45454545454547,1,0.0533333333333333,2.666666666666665,17.666666666666664,1,0.0,0.0,0.0,0,0.0,0.0,0.0,0,0.035555555555555556,2.6666666666666665,23.555555555555557,1,0.0,0.0
6,30.666666666666668,235.0,0.13049645390070921,0.2594041324024823,0.08,3,0,3,none,0,0,1590.6868686868686,106.25252525252526,0.0,3,0,0.24242424242424243,26.666666666666668,66.36363636363637,1,0.026666666666666637,1.333333333333332,16.333333333333332,1,0.0,0.0,0.0,0,0.0,0.0,0.0,0,0.035555555555555556,2.6666666666666665,23.555555555555557,1,0.0,0.0
7,80.66666666666667,235.0,0.3432624113475177,0.2142864449268617,0.08,2,1,3,none,0,0,1764.3636363636363,173.67676767676767,0.3333333333333333,3,0,0.4696969696969697,51.66666666666667,100.45454545454545,1,0.026666666666666637,1.333333333333332,16.333333333333332,1,0.0,0.0,0.0,0,0.0,0.0,0.0,0,0.3688888888888889,27.666666666666668,56.888888888888886,1,66.0,0.0
8,143.33333333333334,235.0,0.6099290780141844,0.25545640196841757,0.08,3,1,4,none,0,0,2018.4848484848485,254.12121212121212,0.25,3,0,0.9363636363636364,103.0,170.45454545454547,1,0.30666666666666664,15.333333333333332,30.333333333333332,1,0.0,0.0,0.0,0,0.0,0.0,0.0,0,0.3333333333333333,25.0,53.33333333333333,1,156.0,0.0
9,154.0,235.0,0.6553191489361702,0.2633516258184785,0.08,4,1,5,none,0,0,2282.7979797979797,264.3131313131313,0.2,3,0,0.6939393939393939,76.33333333333333,134.09090909090907,1,0.5,25.0,40.0,1,0.0,0.0,0.0,0,0.0,0.0,0.0,0,0.7022222222222223,52.66666666666667,90.22222222222223,1,156.0,120.0
10,214.33333333333334,235.0,0.9120567375886526,0.4005402589096706,0.08,6,0,6,none,0,0,2625.5959595959594,342.7979797979798,0.0,3,0,0.9727272727272728,107.0,175.9090909090909,1,0.6733333333333333,33.666666666666664,48.666666666666664,1,0.0,0.0,0.0,0,0.0,0.0,0.0,0,0.9822222222222223,73.66666666666667,118.22222222222223,1,90.0,120.0
11,149.0,235.0,0.6340425531914894,0.34813321538631997,0.20488550392200572,1,1,2,none,0,0,2884.393939393939,258.7979797979798,0.5,3,0,0.506060606060606,55.66666666666666,105.90909090909089,1,0.3933333333333333,19.666666666666664,34.666666666666664,1,0.0,0.0,0.0,0,0.0,0.0,0.0,0,0.9822222222222223,73.66666666666667,118.22222222222223,1,0.0,81.0
12,114.33333333333333,235.0,0.48652482269503544,0.3371357506874922,0.1994894946775546,2,2,4,none,0,0,3100.9898989898984,216.59595959595958,0.5,3,0,0.7454545454545455,82.0,141.8181818181818,1,0.19999999999999996,9.999999999999998,25.0,1,0.0,0.0,0.0,0,0.0,0.0,0.0,0,0.2977777777777778,22.333333333333336,49.777777777777786,1,81.0,201.0
13,73.66666666666666,235.0,0.3134751773049645,0.32742603874807225,0.19387940434539888,2,0,2,none,0,0,3264.323232323232,163.33333333333331,0.0,3,0,0.4666666666666666,51.33333333333333,99.99999999999999,1,0.08666666666666661,4.33333333333333,19.33333333333333,1,0.0,0.0,0.0,0,0.0,0.0,0.0,0,0.24000000000000005,18.000000000000004,44.0,1,81.0,201.0
14,92.99999999999999,235.0,0.3957446808510638,0.32845826366426256,0.18732608607234771,2,0,2,none,0,0,3452.9898989898984,188.66666666666666,0.0,3,0,0.4666666666666666,51.33333333333333,99.99999999999999,1,0.11333333333333327,5.666666666666663,20.666666666666664,1,0.0,0.0,0.0,0,0.0,0.0,0.0,0,0.48,36.0,68.0,1,81.0,0.0
15,88.33333333333333,235.0,0.375886524822695,0.31606199503418037,0.18485441290540075,3,1,4,none,0,0,3635.292929292929,182.30303030303028,0.25,3,0,0.4242424242424242,46.666666666666664,93.63636363636363,1,0.11333333333333327,5.666666666666663,20.666666666666664,1,0.0,0.0,0.0,0,0.0,0.0,0.0,0,0.48,36.0,68.0,1,120.0,0.0
16,87.0,235.0,0.3702127659574468,0.31607721224555746,0.1793444823649139,2,0,2,none,0,0,3816.262626262626,180.96969696969694,0.0,3,0,0.4242424242424242,46.666666666666664,93.63636363636363,1,0.08666666666666661,4.33333333333333,19.33333333333333,1,0.0,0.0,0.0,0,0.0,0.0,0.0,0,0.48,36.0,68.0,1,120.0,0.0
17,99.66666666666666,235.0,0.4241134751773049,0.31503332942341195,0.174328503433842,2,0,2,none,0,0,4012.9898989898984,196.7272727272727,0.0,3,0,0.6515151515151514,71.66666666666666,127.7272727272727,1,0.19999999999999993,9.999999999999996,24.999999999999996,1,0.0,0.0,0.0,0,0.0,0.0,0.0,0,0.24,18.0,44.0,1,0.0,0.0
18,76.66666666666666,235.0,0.326241134751773,0.3089402912532923,0.17071626978686236,2,1,3,none,0,0,4178.838383838383,165.84848484848484,0.3333333333333333,3,0,0.45454545454545453,50.0,98.18181818181817,1,0.17333333333333326,8.666666666666663,23.666666666666664,1,0.0,0.0,0.0,0,0.0,0.0,0.0,0,0.24,18.0,44.0,1,0.0,100.0
19,30.666666666666664,235.0,0.13049645390070921,0.29660494269761417,0.17011275442290696,1,0,1,none,0,0,4283.555555555555,104.71717171717171,0.0,3,0,0.21515151515151515,23.666666666666668,62.27272727272727,1,0.11333333333333324,5.6666666666666625,20.666666666666664,1,0.0,0.0,0.0,0,0.0,0.0,0.0,0,0.017777777777777778,1.3333333333333333,21.77777777777778,1,0.0,100.0
20,145.66666666666666,235.0,0.6198581560283688,0.284806160995005,0.16860891561087163,4,1,5,none,0,0,4536.050505050504,252.4949494949495,0.2,3,0,0.8151515151515152,89.66666666666667,152.27272727272728,1,0.5666666666666667,28.333333333333332,43.33333333333333,1,0.0,0.0,0.0,0,0.0,0.0,0.0,0,0.3688888888888889,27.666666666666664,56.888888888888886,1,100.0,0.0
21,161.66666666666666,235.0,0.6879432624113475,0.284806160995005,0.16860891561087163,1,1,2,none,0,0,4810.363636363636,274.3131313131313,0.5,3,0,0.9606060606060606,105.66666666666666,174.0909090909091,1,0.5666666666666667,28.333333333333332,43.33333333333333,1,0.0,0.0,0.0,0,0.0,0.0,0.0,0,0.3688888888888889,27.666666666666664,56.888888888888886,1,181.0,0.0
22,147.66666666666666,235.0,0.628368794326241,0.284806160995005,0.16860891561087163,1,1,2,none,0,0,5066.010101010101,255.64646464646466,0.5,3,0,0.9606060606060606,105.66666666666666,174.0909090909091,1,0.5666666666666667,28.333333333333332,43.33333333333333,1,0.0,0.0,0.0,0,0.0,0.0,0.0,0,0.1822222222222222,13.666666666666664,38.22222222222222,1,81.0,100.0
23,51.999999999999986,185.0,0.281081081081081,0.284806160995005,0.16860891561087163,0,0,0,down,0,1,5186.545454545454,120.53535353535352,0.0,2,0,0.36060606060606054,39.66666666666666,84.09090909090908,1,0.0,0.0,0.0,0,0.0,0.0,0.0,0,0.0,0.0,0.0,0,0.1644444444444444,12.33333333333333,36.44444444444444,1,81.0,100.0
24,70.66666666666667,185.0,0.381981981981982,0.284806160995005,0.16860891561087163,4,0,4,none,0,1,5332.030303030302,145.4848484848485,0.0,2,0,0.37878787878787884,41.66666666666667,86.81818181818183,1,0.0,0.0,0.0,0,0.0,0.0,0.0,0,0.0,0.0,0.0,0,0.3866666666666666,28.999999999999996,58.66666666666666,1,0.0,0.0
25,105.33333333333334,185.0,0.5693693693693694,0.3020125151967788,0.1756369073162537,3,0,3,none,0,1,5524.939393939393,192.90909090909093,0.0,2,0,0.7393939393939395,81.33333333333334,140.90909090909093,1,0.0,0.0,0.0,0,0.0,0.0,0.0,0,0.0,0.0,0.0,0,0.31999999999999995,23.999999999999996,52.0,1,0.0,0.0
26,108.33333333333334,185.0,0.5855855855855856,0.3020125151967788,0.1756369073162537,1,0,1,none,0,1,5721.848484848484,196.90909090909093,0.0,2,0,0.7393939393939395,81.33333333333334,140.90909090909093,1,0.0,0.0,0.0,0,0.0,0.0,0.0,0,0.0,0.0,0.0,0,0.35999999999999993,26.999999999999996,55.99999999999999,1,0.0,0.0
27,106.0,185.0,0.572972972972973,0.3020125151967788,0.1756369073162537,7,0,7,none,0,1,5915.232323232322,193.3838383838384,0.0,2,0,0.6151515151515152,67.66666666666667,122.27272727272728,1,0.0,0.0,0.0,0,0.0,0.0,0.0,0,0.0,0.0,0.0,0,0.5111111111111111,38.33333333333333,71.11111111111111,1,0.0,0.0
28,121.33333333333333,185.0,0.6558558558558558,0.3020125151967788,0.1756369073162537,3,0,3,none,0,1,6129.70707070707,214.4747474747475,0.0,2,0,0.8090909090909091,89.0,151.36363636363637,1,0.0,0.0,0.0,0,0.0,0.0,0.0,0,0.0,0.0,0.0,0,0.43111111111111106,32.33333333333333,63.11111111111111,1,0.0,0.0
29,93.33333333333333,185.0,0.5045045045045045,0.3020125151967788,0.1756369073162537,0,0,0,none,0,1,6306.090909090908,176.38383838383837,0.0,2,0,0.5818181818181818,64.0,117.27272727272727,1,0.0,0.0,0.0,0,0.0,0.0,0.0,0,0.0,0.0,0.0,0,0.391111111111111,29.33333333333333,59.1111111111111,1,0.0,0.0
30,62.33333333333333,185.0,0.33693693693693694,0.3089490504280836,0.17873537146921484,3,0,3,none,0,1,6440.292929292928,134.2020202020202,0.0,2,0,0.32727272727272727,36.0,79.0909090909091,1,0.0,0.0,0.0,0,0.0,0.0,0.0,0,0.0,0.0,0.0,0,0.35111111111111104,26.33333333333333,55.11111111111111,1,0.0,0.0
31,73.66666666666666,185.0,0.39819819819819813,0.3089490504280836,0.17873537146921484,1,1,2,none,0,1,6590.030303030302,149.73737373737373,0.5,2,0,0.45454545454545453,50.0,98.18181818181817,1,0.0,0.0,0.0,0,0.0,0.0,0.0,0,0.0,0.0,0.0,0,0.3155555555555555,23.66666666666666,51.55555555555554,1,0.0,100.0
32,48.66666666666666,185.0,0.263063063063063,0.3089490504280836,0.17873537146921484,0,0,0,none,0,1,6705.676767676767,115.64646464646464,0.0,2,0,0.22727272727272727,25.0,64.0909090909091,1,0.0,0.0,0.0,0,0.0,0.0,0.0,0,0.0,0.0,0.0,0,0.3155555555555555,23.66666666666666,51.55555555555554,1,0.0,100.0
33,107.33333333333333,185.0,0.5801801801801801,0.3089490504280836,0.17873537146921484,3,0,3,none,0,1,6901.242424242423,195.56565656565655,0.0,2,0,0.7363636363636363,81.0,140.45454545454544,1,0.0,0.0,0.0,0,0.0,0.0,0.0,0,0.0,0.0,0.0,0,0.3511111111111111,26.333333333333332,55.11111111111111,1,0.0,0.0
34,110.33333333333333,185.0,0.5963963963963964,0.3089490504280836,0.17873537146921484,1,0,1,none,0,1,7100.8080808080795,199.56565656565655,0.0,2,0,0.7363636363636363,81.0,140.45454545454544,1,0.0,0.0,0.0,0,0.0,0.0,0.0,0,0.0,0.0,0.0,0,0.3911111111111111,29.333333333333332,59.11111111111111,1,0.0,0.0
35,166.0,185.0,0.8972972972972973,0.31194246304454065,0.18213907678166927,4,1,5,none,0,1,7375.393939393938,274.58585858585855,0.2,2,0,0.9757575757575757,107.33333333333333,176.36363636363635,1,0.0,0.0,0.0,0,0.0,0.0,0.0,0,0.0,0.0,0.0,0,0.7822222222222223,58.66666666666667,98.22222222222223,1,51.333333333333336,0.0
36,136.33333333333331,185.0,0.7369369369369368,0.31194246304454065,0.18213907678166927,5,1,6,none,0,1,7609.525252525251,234.1313131313131,0.16666666666666666,2,0,0.7060606060606059,77.66666666666666,135.90909090909088,1,0.0,0.0,0.0,0,0.0,0.0,0.0,0,0.0,0.0,0.0,0,0.7822222222222223,58.66666666666667,98.22222222222223,1,117.33333333333334,0.0
37,115.66666666666666,185.0,0.6252252252252252,0.31194246304454065,0.18213907678166927,2,0,2,none,0,1,7815.606060606059,206.08080808080808,0.0,2,0,0.5575757575757575,61.33333333333332,113.63636363636363,1,0.0,0.0,0.0,0,0.0,0.0,0.0,0,0.0,0.0,0.0,0,0.7244444444444444,54.333333333333336,92.44444444444444,1,117.33333333333334,0.0
38,66.99999999999999,185.0,0.36216216216216207,0.31194246304454065,0.18213907678166927,1,0,1,none,0,1,7956.797979797979,141.19191919191917,0.0,2,0,0.5575757575757575,61.33333333333332,113.63636363636363,1,0.0,0.0,0.0,0,0.0,0.0,0.0,0,0.0,0.0,0.0,0,0.07555555555555556,5.666666666666667,27.555555555555557,1,66.0,0.0
39,39.33333333333332,185.0,0.21261261261261255,0.31194246304454065,0.18213907678166927,2,0,2,none,0,1,8060.262626262625,103.46464646464646,0.0,2,0,0.306060606060606,33.66666666666666,75.9090909090909,1,0.0,0.0,0.0,0,0.0,0.0,0.0,0,0.0,0.0,0.0,0,0.07555555555555556,5.666666666666667,27.555555555555557,1,0.0,0.0
40,122.99999999999999,185.0,0.6648648648648647,0.3209809435582809,0.17517906679159906,4,0,4,none,0,1,8276.727272727272,216.46464646464642,0.0,2,0,0.7393939393939393,81.33333333333331,140.90909090909088,1,0.0,0.0,0.0,0,0.0,0.0,0.0,0,0.0,0.0,0.0,0,0.5555555555555556,41.66666666666667,75.55555555555556,1,0.0,0.0
41,170.66666666666666,185.0,0.9225225225225224,0.3209809435582809,0.17517906679159906,2,2,4,none,0,1,8557.50505050505,280.77777777777777,0.5,2,0,0.9666666666666665,106.33333333333331,174.99999999999997,1,0.0,0.0,0.0,0,0.0,0.0,0.0,0,0.0,0.0,0.0,0,0.8577777777777779,64.33333333333334,105.77777777777779,1,29.0,0.0
42,141.33333333333331,185.0,0.7639639639639638,0.3209809435582809,0.17517906679159906,4,0,4,none,0,1,8798.787878787878,241.28282828282826,0.0,2,0,0.8515151515151513,93.66666666666664,157.7272727272727,1,0.0,0.0,0.0,0,0.0,0.0,0.0,0,0.0,0.0,0.0,0,0.6355555555555558,47.66666666666668,83.55555555555557,1,29.0,0.0
43,61.666666666666664,185.0,0.3333333333333333,0.3209809435582809,0.17517906679159906,2,0,2,none,0,1,8931.767676767677,132.97979797979798,0.0,2,0,0.22727272727272715,24.999999999999986,64.09090909090907,1,0.0,0.0,0.0,0,0.0,0.0,0.0,0,0.0,0.0,0.0,0,0.48888888888888904,36.66666666666668,68.88888888888891,1,29.0,0.0
44,50.0,185.0,0.2702702702702703,0.3209809435582809,0.17517906679159906,2,0,2,none,0,1,9049.525252525253,117.75757575757575,0.0,2,0,0.32727272727272716,35.999999999999986,79.09090909090907,1,0.0,0.0,0.0,0,0.0,0.0,0.0,0,0.0,0.0,0.0,0,0.18666666666666687,14.000000000000014,38.666666666666686,1,0.0,0.0
45,84.66666666666666,185.0,0.4576576576576576,0.3092071388134172,0.1818522815327055,1,0,1,none,0,1,9214.727272727272,165.2020202020202,0.0,2,0,0.6939393939393937,76.33333333333331,134.09090909090907,1,0.0,0.0,0.0,0,0.0,0.0,0.0,0,0.0,0.0,0.0,0,0.11111111111111129,8.333333333333346,31.11111111111113,1,0.0,0.0
46,180.33333333333331,185.0,0.9747747747747747,0.3092071388134172,0.1818522815327055,3,0,3,none,0,1,9508.464646464647,293.73737373737373,0.0,2,0,0.9878787878787877,108.66666666666664,178.18181818181816,1,0.0,0.0,0.0,0,0.0,0.0,0.0,0,0.0,0.0,0.0,0,0.9555555555555558,71.66666666666669,115.55555555555559,1,0.0,0.0
47,174.66666666666666,185.0,0.944144144144144,0.3092071388134172,0.1818522815327055,1,2,3,none,0,1,9794.646464646465,286.1818181818182,0.6666666666666666,2,0,0.9878787878787877,108.66666666666664,178.18181818181816,1,0.0,0.0,0.0,0,0.0,0.0,0.0,0,0.0,0.0,0.0,0,0.8800000000000002,66.00000000000001,108.00000000000003,1,12.333333333333334,0.0
48,159.33333333333331,185.0,0.8612612612612611,0.3092071388134172,0.1818522815327055,2,0,2,none,0,1,10059.919191919193,265.27272727272725,0.0,2,0,0.8484848484848483,93.33333333333331,157.27272727272725,1,0.0,0.0,0.0,0,0.0,0.0,0.0,0,0.0,0.0,0.0,0,0.8800000000000002,66.00000000000001,108.00000000000003,1,12.333333333333334,0.0
49,72.0,185.0,0.3891891891891892,0.3092071388134172,0.1818522815327055,1,0,1,none,0,1,10207.343434343435,147.42424242424244,0.0,2,0,0.42727272727272714,46.999999999999986,94.09090909090907,1,0.0,0.0,0.0,0,0.0,0.0,0.0,0,0.0,0.0,0.0,0,0.33333333333333354,25.000000000000014,53.33333333333336,1,12.333333333333334,0.0
50,113.66666666666667,185.0,0.6144144144144145,0.34051414994143897,0.19326361213278798,4,2,6,none,0,1,10410.868686868687,203.52525252525254,0.3333333333333333,2,0,0.5909090909090908,64.99999999999999,118.63636363636363,1,0.0,0.0,0.0,0,0.0,0.0,0.0,0,0.0,0.0,0.0,0,0.6488888888888892,48.666666666666686,84.88888888888891,1,1.333333333333334,171.0
51,166.66666666666669,185.0,0.900900900900901,0.34051414994143897,0.19326361213278798,4,1,5,none,0,1,10686.424242424242,275.55555555555554,0.2,2,0,0.9999999999999999,109.99999999999999,179.99999999999997,1,0.0,0.0,0.0,0,0.0,0.0,0.0,0,0.0,0.0,0.0,0,0.7555555555555558,56.666666666666686,95.55555555555557,1,39.666666666666664,171.0
52,166.66666666666669,185.0,0.900900900900901,0.34051414994143897,0.19326361213278798,0,0,0,none,0,1,10961.979797979797,275.55555555555554,0.0,2,0,0.9999999999999999,109.99999999999999,179.99999999999997,1,0.0,0.0,0.0,0,0.0,0.0,0.0,0,0.0,0.0,0.0,0,0.7555555555555558,56.666666666666686,95.55555555555557,1,39.666666666666664,171.0
53,114.0,185.0,0.6162162162162163,0.34051414994143897,0.19326361213278798,0,0,0,none,0,1,11166.434343434343,204.45454545454544,0.0,2,0,0.7363636363636362,80.99999999999999,140.45454545454544,1,0.0,0.0,0.0,0,0.0,0.0,0.0,0,0.0,0.0,0.0,0,0.44000000000000017,33.000000000000014,64.00000000000001,1,39.666666666666664,0.0
54,102.00000000000001,185.0,0.5513513513513514,0.34051414994143897,0.19326361213278798,3,0,3,none,0,1,11354.434343434343,188.00000000000003,0.0,2,0,0.6,66.0,120.0,1,0.0,0.0,0.0,0,0.0,0.0,0.0,0,0.0,0.0,0.0,0,0.4800000000000002,36.000000000000014,68.00000000000003,1,0.0,0.0
55,146.0,185.0,0.7891891891891892,0.360933256840315,0.22283671179247339,3,1,4,none,0,1,11602.393939393938,247.95959595959596,0.25,2,0,0.9878787878787878,108.66666666666666,178.18181818181816,1,0.0,0.0,0.0,0,0.0,0.0,0.0,0,0.0,0.0,0.0,0,0.497777777777778,37.33333333333335,69.7777777777778,1,0.0,90.0
56,178.66666666666669,185.0,0.9657657657657659,0.360933256840315,0.22283671179247339,2,2,4,none,0,1,11893.90909090909,291.5151515151515,0.5,2,0,0.9878787878787878,108.66666666666666,178.18181818181816,1,0.0,0.0,0.0,0,0.0,0.0,0.0,0,0.0,0.0,0.0,0,0.9333333333333336,70.00000000000001,113.33333333333336,1,90.0,129.66666666666666
57,140.66666666666669,185.0,0.7603603603603605,0.360933256840315,0.22283671179247339,3,2,5,none,0,1,12133.939393939394,240.03030303030303,0.4,2,0,0.7424242424242423,81.66666666666666,141.36363636363635,1,0.0,0.0,0.0,0,0.0,0.0,0.0,0,0.0,0.0,0.0,0,0.7866666666666668,59.000000000000014,98.66666666666669,1,270.0,129.66666666666666
58,103.66666666666667,185.0,0.5603603603603604,0.360933256840315,0.22283671179247339,1,1,2,none,0,1,12323.515151515152,189.57575757575756,0.5,2,0,0.40606060606060596,44.66666666666666,90.90909090909089,1,0.0,0.0,0.0,0,0.0,0.0,0.0,0,0.0,0.0,0.0,0,0.7866666666666668,59.000000000000014,98.66666666666669,1,270.0,129.66666666666666
59,102.33333333333334,185.0,0.5531531531531532,0.360933256840315,0.22283671179247339,3,0,3,none,0,1,12511.757575757576,188.24242424242425,0.0,2,0,0.5393939393939393,59.33333333333332,110.90909090909089,1,0.0,0.0,0.0,0,0.0,0.0,0.0,0,0.0,0.0,0.0,0,0.5733333333333335,43.000000000000014,77.33333333333334,1,180.0,90.0
60,148.33333333333334,185.0,0.8018018018018018,0.39334448746658074,0.22544898658313509,5,2,7,none,0,1,12762.59595959596,250.83838383838383,0.2857142857142857,2,0,0.9181818181818181,100.99999999999999,167.72727272727272,1,0.0,0.0,0.0,0,0.0,0.0,0.0,0,0.0,0.0,0.0,0,0.6311111111111113,47.33333333333335,83.11111111111113,1,100.0,171.0
61,148.33333333333331,185.0,0.8018018018018017,0.39334448746658074,0.22544898658313509,6,2,8,none,0,1,13013.30303030303,250.7070707070707,0.25,2,0,0.8787878787878786,96.66666666666664,161.81818181818178,1,0.0,0.0,0.0,0,0.0,0.0,0.0,0,0.0,0.0,0.0,0,0.6888888888888891,51.666666666666686,88.88888888888891,1,166.0,120.66666666666666
62,176.0,185.0,0.9513513513513514,0.39334448746658074,0.22544898658313509,8,3,11,none,0,1,13301.21212121212,287.9090909090909,0.2727272727272727,2,0,0.9727272727272724,106.99999999999997,175.90909090909088,1,0.0,0.0,0.0,0,0.0,0.0,0.0,0,0.0,0.0,0.0,0,0.9200000000000002,69.00000000000001,112.00000000000001,1,84.0,231.66666666666666
63,173.0,185.0,0.9351351351351351,0.39334448746658074,0.22544898658313509,1,10,11,none,0,1,13585.12121212121,283.9090909090909,0.9090909090909091,2,0,0.9727272727272724,106.99999999999997,175.90909090909088,1,0.0,0.0,0.0,0,0.0,0.0,0.0,0,0.0,0.0,0.0,0,0.8800000000000002,66.00000000000001,108.00000000000003,1,250.33333333333334,181.33333333333331
64,168.66666666666666,185.0,0.9117117117117116,0.39334448746658074,0.22544898658313509,4,4,8,none,0,1,13863.292929292928,278.17171717171715,0.5,2,0,0.9848484848484845,108.3333333333333,177.7272727272727,1,0.0,0.0,0.0,0,0.0,0.0,0.0,0,0.0,0.0,0.0,0,0.8044444444444446,60.33333333333335,100.44444444444446,1,253.66666666666669,106.33333333333331
65,179.33333333333331,185.0,0.9693693693693692,0.4176007224505813,0.24417530645808216,7,1,8,none,0,1,14155.696969696968,292.4040404040404,0.125,2,0,0.9878787878787877,108.66666666666664,178.18181818181816,1,0.0,0.0,0.0,0,0.0,0.0,0.0,0,0.0,0.0,0.0,0,0.9422222222222225,70.66666666666669,114.22222222222226,1,110.66666666666669,176.33333333333331
66,172.33333333333331,185.0,0.9315315315315315,0.4176007224505813,0.24417530645808216,0,13,13,none,0,1,14438.595959595958,282.8989898989899,1.0,2,0,0.9363636363636361,102.99999999999997,170.4545454545454,1,0.0,0.0,0.0,0,0.0,0.0,0.0,0,0.0,0.0,0.0,0,0.9244444444444447,69.33333333333336,112.44444444444447,1,265.6666666666667,227.99999999999997
67,180.33333333333331,185.0,0.9747747747747747,0.4176007224505813,0.24417530645808216,5,4,9,none,0,1,14732.333333333332,293.73737373737373,0.4444444444444444,2,0,0.9878787878787877,108.66666666666664,178.18181818181816,1,0.0,0.0,0.0,0,0.0,0.0,0.0,0,0.0,0.0,0.0,0,0.9555555555555558,71.66666666666669,115.55555555555559,1,198.0,453.0
68,164.66666666666663,185.0,0.8900900900900899,0.4176007224505813,0.24417530645808216,9,3,12,none,0,1,15004.656565656564,272.3232323232323,0.25,2,0,0.83030303030303,91.3333333333333,154.5454545454545,1,0.0,0.0,0.0,0,0.0,0.0,0.0,0,0.0,0.0,0.0,0,0.9777777777777779,73.33333333333334,117.77777777777779,1,328.0,438.0
69,170.33333333333331,185.0,0.9207207207207206,0.4176007224505813,0.24417530645808216,1,10,11,none,0,1,15284.707070707069,280.050505050505,0.9090909090909091,2,0,0.8818181818181816,96.99999999999997,162.27272727272725,1,0.0,0.0,0.0,0,0.0,0.0,0.0,0,0.0,0.0,0.0,0,0.9777777777777779,73.33333333333334,117.77777777777779,1,301.6666666666667,385.3333333333333
70,179.66666666666663,185.0,0.971171171171171,0.45674462893918216,0.26141190432695316,7,3,10,none,0,1,15577.575757575756,292.86868686868684,0.3,2,0,0.9939393939393937,109.3333333333333,179.09090909090907,1,0.0,0.0,0.0,0,0.0,0.0,0.0,0,0.0,0.0,0.0,0,0.9377777777777779,70.33333333333334,113.7777777777778,1,364.6666666666667,465.0
71,176.99999999999997,185.0,0.9567567567567566,0.45674462893918216,0.26141190432695316,4,2,6,none,0,1,15866.848484848484,289.27272727272725,0.3333333333333333,2,0,0.9818181818181815,107.99999999999996,177.27272727272722,1,0.0,0.0,0.0,0,0.0,0.0,0.0,0,0.0,0.0,0.0,0,0.9200000000000002,69.00000000000001,112.00000000000001,1,424.6666666666667,199.0
72,171.66666666666663,185.0,0.9279279279279278,0.45674462893918216,0.26141190432695316,4,7,11,none,0,1,16149.060606060606,282.2121212121212,0.6363636363636364,2,0,0.9969696969696966,109.66666666666663,179.5454545454545,1,0.0,0.0,0.0,0,0.0,0.0,0.0,0,0.0,0.0,0.0,0,0.8266666666666669,62.000000000000014,102.66666666666669,1,442.0,246.66666666666669
73,171.99999999999997,185.0,0.9297297297297296,0.45674462893918216,0.26141190432695316,5,8,13,none,0,1,16431.717171717173,282.65656565656565,0.6153846153846154,2,0,0.9969696969696966,109.66666666666663,179.5454545454545,1,0.0,0.0,0.0,0,0.0,0.0,0.0,0,0.0,0.0,0.0,0,0.8311111111111114,62.33333333333335,103.11111111111114,1,505.66666666666663,296.66666666666674
74,147.66666666666663,185.0,0.798198198198198,0.45674462893918216,0.26141190432695316,9,2,11,none,0,1,16681.191919191922,249.47474747474746,0.18181818181818182,2,0,0.7757575757575753,85.33333333333329,146.36363636363632,1,0.0,0.0,0.0,0,0.0,0.0,0.0,0,0.0,0.0,0.0,0,0.8311111111111114,62.33333333333335,103.11111111111114,1,495.66666666666663,321.66666666666674
75,147.66666666666663,185.0,0.798198198198198,0.4899052490921441,0.2510731520591168,5,2,7,none,0,1,16931.121212121216,249.9292929292929,0.2857142857142857,2,0,0.9121212121212117,100.33333333333329,166.81818181818176,1,0.0,0.0,0.0,0,0.0,0.0,0.0,0,0.0,0.0,0.0,0,0.6311111111111113,47.33333333333335,83.11111111111113,1,309.66666666666663,104.66666666666671
76,163.99999999999997,185.0,0.8864864864864863,0.4899052490921441,0.2510731520591168,6,0,6,none,0,1,17202.9494949495,271.8282828282828,0.0,2,0,0.948484848484848,104.33333333333329,172.2727272727272,1,0.0,0.0,0.0,0,0.0,0.0,0.0,0,0.0,0.0,0.0,0,0.7955555555555558,59.666666666666686,99.55555555555559,1,179.99999999999997,51.333333333333385
77,174.66666666666663,185.0,0.9441441441441439,0.4899052490921441,0.2510731520591168,5,4,9,none,0,1,17489.15151515152,286.20202020202015,0.4444444444444444,2,0,0.9939393939393935,109.33333333333329,179.090909090909,1,0.0,0.0,0.0,0,0.0,0.0,0.0,0,0.0,0.0,0.0,0,0.8711111111111114,65.33333333333336,107.11111111111114,1,219.66666666666663,120.66666666666671
78,170.66666666666663,185.0,0.9225225225225223,0.4899052490921441,0.2510731520591168,2,7,9,none,0,1,17769.9393939394,280.78787878787875,0.7777777777777778,2,0,0.9696969696969692,106.66666666666661,175.45454545454538,1,0.0,0.0,0.0,0,0.0,0.0,0.0,0,0.0,0.0,0.0,0,0.8533333333333337,64.00000000000003,105.33333333333337,1,298.33333333333326,260.33333333333337
79,144.66666666666663,185.0,0.7819819819819818,0.4899052490921441,0.2510731520591168,7,1,8,none,0,1,18015.818181818187,245.87878787878785,0.125,2,0,0.8969696969696965,98.66666666666661,164.54545454545448,1,0.0,0.0,0.0,0,0.0,0.0,0.0,0,0.0,0.0,0.0,0,0.6133333333333337,46.00000000000003,81.33333333333337,1,298.33333333333326,311.6666666666667
80,180.99999999999997,185.0,0.9783783783783783,0.5152713738514149,0.23900388514890963,9,6,15,none,0,1,18310.404040404046,294.58585858585855,0.4,2,0,0.9757575757575754,107.33333333333329,176.36363636363632,1,0.0,0.0,0.0,0,0.0,0.0,0.0,0,0.0,0.0,0.0,0,0.9822222222222224,73.66666666666669,118.22222222222224,1,87.99999999999996,228.00000000000003
81,170.99999999999997,185.0,0.9243243243243242,0.5152713738514149,0.23900388514890963,1,10,11,none,0,1,18591.44444444445,281.04040404040404,0.9090909090909091,2,0,0.9121212121212117,100.33333333333329,166.81818181818176,1,0.0,0.0,0.0,0,0.0,0.0,0.0,0,0.0,0.0,0.0,0,0.9422222222222225,70.66666666666669,114.22222222222226,1,180.3333333333333,332.0
82,170.33333333333331,185.0,0.9207207207207206,0.5152713738514149,0.23900388514890963,9,2,11,none,0,1,18871.77777777778,280.33333333333326,0.18181818181818182,2,0,0.9666666666666662,106.33333333333329,174.99999999999994,1,0.0,0.0,0.0,0,0.0,0.0,0.0,0,0.0,0.0,0.0,0,0.8533333333333335,64.00000000000001,105.33333333333334,1,231.66666666666663,332.0
83,151.99999999999997,185.0,0.8216216216216214,0.5152713738514149,0.23900388514890963,5,1,6,none,0,1,19127.28282828283,255.50505050505043,0.16666666666666666,2,0,0.851515151515151,93.66666666666661,157.72727272727263,1,0.0,0.0,0.0,0,0.0,0.0,0.0,0,0.0,0.0,0.0,0,0.777777777777778,58.33333333333335,97.7777777777778,1,223.33333333333331,122.66666666666669
84,165.99999999999997,185.0,0.8972972972972971,0.5152713738514149,0.23900388514890963,4,3,7,none,0,1,19401.78787878788,274.50505050505046,0.42857142857142855,2,0,0.9515151515151511,104.66666666666661,172.72727272727266,1,0.0,0.0,0.0,0,0.0,0.0,0.0,0,0.0,0.0,0.0,0,0.817777777777778,61.33333333333335,101.7777777777778,1,223.66666666666663,117.33333333333334
85,179.99999999999997,185.0,0.9729729729729728,0.5447943168057446,0.2215146526107789,5,5,10,none,0,1,19695.070707070707,293.28282828282823,0.5,2,0,0.9848484848484844,108.33333333333329,177.72727272727266,1,0.0,0.0,0.0,0,0.0,0.0,0.0,0,0.0,0.0,0.0,0,0.9555555555555558,71.66666666666669,115.55555555555559,1,365.33333333333326,84.0
86,177.99999999999997,185.0,0.962162162162162,0.5447943168057446,0.2215146526107789,7,4,11,none,0,1,19985.62626262626,290.55555555555554,0.36363636363636365,2,0,0.9666666666666662,106.33333333333329,174.99999999999994,1,0.0,0.0,0.0,0,0.0,0.0,0.0,0,0.0,0.0,0.0,0,0.9555555555555558,71.66666666666669,115.55555555555559,1,399.33333333333326,162.0
87,172.66666666666663,185.0,0.9333333333333331,0.5447943168057446,0.2215146526107789,3,1,4,none,0,1,20268.90909090909,283.28282828282823,0.25,2,0,0.9181818181818178,100.99999999999996,167.72727272727266,1,0.0,0.0,0.0,0,0.0,0.0,0.0,0,0.0,0.0,0.0,0,0.9555555555555558,71.66666666666669,115.55555555555559,1,209.33333333333326,133.33333333333334
88,129.33333333333331,185.0,0.699099099099099,0.5447943168057446,0.2215146526107789,5,2,7,none,0,1,20493.81818181818,224.90909090909085,0.2857142857142857,2,0,0.7393939393939389,81.33333333333329,140.90909090909082,1,0.0,0.0,0.0,0,0.0,0.0,0.0,0,0.0,0.0,0.0,0,0.6400000000000002,48.00000000000002,84.00000000000003,1,170.99999999999994,96.33333333333334
89,178.33333333333331,185.0,0.9639639639639639,0.5447943168057446,0.2215146526107789,8,4,12,none,0,1,20784.81818181818,291.0,0.3333333333333333,2,0,0.9666666666666662,106.33333333333329,174.99999999999994,1,0.0,0.0,0.0,0,0.0,0.0,0.0,0,0.0,0.0,0.0,0,0.9600000000000004,72.00000000000003,116.00000000000004,1,266.99999999999994,251.66666666666666
90,172.66666666666663,185.0,0.9333333333333331,0.5549148577650336,0.21244310741153036,2,8,10,none,0,1,21068.181818181816,283.3636363636363,0.8,2,0,0.9424242424242419,103.66666666666661,171.3636363636363,1,0.0,0.0,0.0,0,0.0,0.0,0.0,0,0.0,0.0,0.0,0,0.9200000000000004,69.00000000000003,112.00000000000004,1,282.66666666666663,360.66666666666663
91,159.33333333333331,185.0,0.8612612612612611,0.5549148577650336,0.21244310741153036,4,6,10,none,0,1,21333.808080808078,265.6262626262626,0.6,2,0,0.954545454545454,104.99999999999994,173.1818181818181,1,0.0,0.0,0.0,0,0.0,0.0,0.0,0,0.0,0.0,0.0,0,0.7244444444444448,54.33333333333336,92.44444444444447,1,182.99999999999997,404.66666666666663
92,98.66666666666663,185.0,0.5333333333333331,0.5549148577650336,0.21244310741153036,2,1,3,none,0,1,21517.55555555555,183.7474747474747,0.3333333333333333,2,0,0.657575757575757,72.33333333333327,128.63636363636357,1,0.0,0.0,0.0,0,0.0,0.0,0.0,0,0.0,0.0,0.0,0,0.35111111111111143,26.333333333333357,55.11111111111114,1,116.99999999999997,406.0
93,170.99999999999994,185.0,0.924324324324324,0.5549148577650336,0.21244310741153036,6,6,12,none,0,1,21798.757575757572,281.20202020202015,0.5,2,0,0.96060606060606,105.6666666666666,174.090909090909,1,0.0,0.0,0.0,0,0.0,0.0,0.0,0,0.0,0.0,0.0,0,0.8711111111111114,65.33333333333336,107.11111111111114,1,201.66666666666666,87.0
94,148.99999999999994,185.0,0.8054054054054051,0.5549148577650336,0.21244310741153036,8,1,9,none,0,1,22050.505050505046,251.74747474747468,0.1111111111111111,2,0,0.9242424242424236,101.6666666666666,168.63636363636354,1,0.0,0.0,0.0,0,0.0,0.0,0.0,0,0.0,0.0,0.0,0,0.6311111111111114,47.33333333333336,83.11111111111114,1,149.0,177.0
95,157.3333333333333,185.0,0.8504504504504502,0.5625355444776851,0.1963588380703101,1,3,4,none,0,1,22313.323232323226,262.81818181818176,0.75,2,0,0.9121212121212116,100.33333333333327,166.81818181818173,1,0.0,0.0,0.0,0,0.0,0.0,0.0,0,0.0,0.0,0.0,0,0.7600000000000002,57.00000000000002,96.00000000000003,1,254.66666666666666,162.33333333333334
96,131.3333333333333,185.0,0.7099099099099097,0.5625355444776851,0.1963588380703101,6,1,7,none,0,1,22541.15151515151,227.82828282828277,0.14285714285714285,2,0,0.8151515151515145,89.6666666666666,152.2727272727272,1,0.0,0.0,0.0,0,0.0,0.0,0.0,0,0.0,0.0,0.0,0,0.5555555555555558,41.666666666666686,75.55555555555557,1,171.66666666666666,141.33333333333334
97,162.99999999999994,185.0,0.8810810810810807,0.5625355444776851,0.1963588380703101,6,3,9,none,0,1,22811.535353535346,270.38383838383834,0.3333333333333333,2,0,0.9151515151515145,100.6666666666666,167.27272727272717,1,0.0,0.0,0.0,0,0.0,0.0,0.0,0,0.0,0.0,0.0,0,0.8311111111111114,62.33333333333335,103.11111111111114,1,343.0,132.33333333333334
98,170.3333333333333,185.0,0.9207207207207204,0.5625355444776851,0.1963588380703101,3,4,7,none,0,1,23091.787878787873,280.2525252525252,0.5714285714285714,2,0,0.9424242424242418,103.6666666666666,171.3636363636363,1,0.0,0.0,0.0,0,0.0,0.0,0.0,0,0.0,0.0,0.0,0,0.8888888888888892,66.66666666666669,108.88888888888891,1,362.33333333333337,109.0
99,176.66666666666663,185.0,0.9549549549549547,0.5625355444776851,0.1963588380703101,2,6,8,none,0,1,23380.676767676763,288.8888888888888,0.75,2,0,0.9999999999999994,109.99999999999994,179.99999999999991,1,0.0,0.0,0.0,0,0.0,0.0,0.0,0,0.0,0.0,0.0,0,0.8888888888888892,66.66666666666669,108.88888888888891,1,248.00000000000003,262.0
100,175.3333333333333,185.0,0.9477477477477475,0.5683605912422075,0.19066590261019323,3,5,8,none,0,1,23667.787878787873,287.11111111111103,0.625,2,0,0.9999999999999994,109.99999999999994,179.99999999999991,1,0.0,0.0,0.0,0,0.0,0.0,0.0,0,0.0,0.0,0.0,0,0.8711111111111113,65.33333333333334,107.11111111111113,1,110.66666666666669,281.0
101,168.99999999999994,185.0,0.9135135135135132,0.5683605912422075,0.19066590261019323,8,3,11,none,0,1,23946.15151515151,278.3636363636363,0.2727272727272727,2,0,0.9090909090909086,99.99999999999994,166.3636363636363,1,0.0,0.0,0.0,0,0.0,0.0,0.0,0,0.0,0.0,0.0,0,0.9200000000000002,69.00000000000001,112.00000000000001,1,191.66666666666669,398.0
102,174.66666666666663,185.0,0.9441441441441439,0.5683605912422075,0.19066590261019323,2,6,8,none,0,1,24232.242424242417,286.090909090909,0.75,2,0,0.9606060606060601,105.66666666666661,174.090909090909,1,0.0,0.0,0.0,0,0.0,0.0,0.0,0,0.0,0.0,0.0,0,0.9200000000000002,69.00000000000001,112.00000000000001,1,166.33333333333334,344.6666666666667
103,175.66666666666663,185.0,0.9495495495495494,0.5683605912422075,0.19066590261019323,4,5,9,none,0,1,24519.57575757575,287.33333333333326,0.5555555555555556,2,0,0.9333333333333327,102.6666666666666,169.99999999999991,1,0.0,0.0,0.0,0,0.0,0.0,0.0,0,0.0,0.0,0.0,0,0.9733333333333335,73.00000000000001,117.33333333333334,1,255.33333333333334,206.66666666666669
104,117.99999999999994,185.0,0.6378378378378375,0.5683605912422075,0.19066590261019323,3,0,3,none,0,1,24729.47474747474,209.89898989898984,0.0,2,0,0.7696969696969691,84.6666666666666,145.45454545454538,1,0.0,0.0,0.0,0,0.0,0.0,0.0,0,0.0,0.0,0.0,0,0.44444444444444464,33.33333333333335,64.44444444444446,1,149.33333333333334,206.66666666666669
105,116.33333333333327,185.0,0.6288288288288285,0.5709071659167468,0.1844984672685529,5,1,6,none,0,1,24937.020202020194,207.54545454545448,0.16666666666666666,2,0,0.7303030303030296,80.33333333333326,139.54545454545445,1,0.0,0.0,0.0,0,0.0,0.0,0.0,0,0.0,0.0,0.0,0,0.4800000000000002,36.000000000000014,68.00000000000003,1,3.0000000000000284,168.0
106,150.99999999999994,185.0,0.8162162162162159,0.5709071659167468,0.1844984672685529,7,3,10,none,0,1,25191.292929292922,254.2727272727272,0.3,2,0,0.8818181818181811,96.99999999999991,162.27272727272717,1,0.0,0.0,0.0,0,0.0,0.0,0.0,0,0.0,0.0,0.0,0,0.7200000000000002,54.000000000000014,92.00000000000001,1,171.33333333333337,132.0
107,179.6666666666666,185.0,0.9711711711711708,0.5709071659167468,0.1844984672685529,4,2,6,none,0,1,25484.080808080802,292.7878787878787,0.3333333333333333,2,0,0.969696969696969,106.66666666666659,175.45454545454535,1,0.0,0.0,0.0,0,0.0,0.0,0.0,0,0.0,0.0,0.0,0,0.9733333333333335,73.00000000000001,117.33333333333334,1,291.33333333333337,150.0
108,146.6666666666666,185.0,0.7927927927927925,0.5709071659167468,0.1844984672685529,4,3,7,none,0,1,25732.656565656558,248.57575757575748,0.42857142857142855,2,0,0.9060606060606053,99.66666666666659,165.9090909090908,1,0.0,0.0,0.0,0,0.0,0.0,0.0,0,0.0,0.0,0.0,0,0.6266666666666669,47.00000000000002,82.66666666666669,1,333.33333333333337,204.0
109,86.33333333333327,185.0,0.46666666666666634,0.5709071659167468,0.1844984672685529,5,1,6,none,0,1,25899.454545454537,166.7979797979797,0.16666666666666666,2,0,0.5060606060606052,55.66666666666658,105.90909090909078,1,0.0,0.0,0.0,0,0.0,0.0,0.0,0,0.0,0.0,0.0,0,0.4088888888888892,30.66666666666669,60.88888888888892,1,162.00000000000003,238.0
110,162.33333333333326,185.0,0.8774774774774771,0.5437465196498167,0.18214595897815763,8,3,11,none,0,1,26169.151515151505,269.6969696969696,0.2727272727272727,2,0,0.9757575757575749,107.33333333333324,176.36363636363623,1,0.0,0.0,0.0,0,0.0,0.0,0.0,0,0.0,0.0,0.0,0,0.7333333333333336,55.00000000000002,93.33333333333336,1,382.0,166.0
111,167.6666666666666,185.0,0.9063063063063059,0.5437465196498167,0.18214595897815763,4,2,6,none,0,1,26445.99999999999,276.84848484848476,0.3333333333333333,2,0,0.987878787878787,108.66666666666657,178.18181818181804,1,0.0,0.0,0.0,0,0.0,0.0,0.0,0,0.0,0.0,0.0,0,0.786666666666667,59.00000000000002,98.6666666666667,1,245.0,94.33333333333333
112,166.33333333333326,185.0,0.8990990990990987,0.5437465196498167,0.18214595897815763,5,1,6,none,0,1,26721.1111111111,275.111111111111,0.16666666666666666,2,0,0.9999999999999991,109.9999999999999,179.99999999999986,1,0.0,0.0,0.0,0,0.0,0.0,0.0,0,0.0,0.0,0.0,0,0.7511111111111114,56.33333333333336,95.11111111111114,1,91.0,94.33333333333333
113,165.6666666666666,185.0,0.8954954954954951,0.5437465196498167,0.18214595897815763,5,3,8,none,0,1,26995.05050505049,273.9393939393938,0.375,2,0,0.9151515151515143,100.66666666666657,167.27272727272714,1,0.0,0.0,0.0,0,0.0,0.0,0.0,0,0.0,0.0,0.0,0,0.866666666666667,65.00000000000003,106.6666666666667,1,135.33333333333334,46.33333333333333
114,176.6666666666666,185.0,0.9549549549549546,0.5437465196498167,0.18214595897815763,2,2,4,none,0,1,27283.86868686867,288.8181818181817,0.5,2,0,0.9787878787878779,107.66666666666657,176.81818181818167,1,0.0,0.0,0.0,0,0.0,0.0,0.0,0,0.0,0.0,0.0,0,0.9200000000000004,69.00000000000003,112.00000000000004,1,153.33333333333334,108.0
115,156.66666666666663,185.0,0.8468468468468466,0.5455954238696975,0.1815058569743055,6,7,13,none,0,1,27545.545454545438,261.6767676767676,0.5384615384615384,2,0,0.8363636363636356,91.99999999999991,155.45454545454533,1,0.0,0.0,0.0,0,0.0,0.0,0.0,0,0.0,0.0,0.0,0,0.8622222222222227,64.6666666666667,106.22222222222227,1,455.6666666666667,277.6666666666667
116,123.33333333333329,185.0,0.6666666666666664,0.5455954238696975,0.1815058569743055,3,1,4,none,0,1,27762.595959595943,217.050505050505,0.25,2,0,0.7818181818181811,85.99999999999991,147.27272727272717,1,0.0,0.0,0.0,0,0.0,0.0,0.0,0,0.0,0.0,0.0,0,0.49777777777777826,37.33333333333337,69.77777777777783,1,426.00000000000006,259.6666666666667
117,170.99999999999994,185.0,0.924324324324324,0.5455954238696975,0.1815058569743055,4,5,9,none,0,1,28043.57575757574,280.9797979797979,0.5555555555555556,2,0,0.8939393939393931,98.33333333333324,164.09090909090898,1,0.0,0.0,0.0,0,0.0,0.0,0.0,0,0.0,0.0,0.0,0,0.9688888888888894,72.6666666666667,116.88888888888894,1,122.00000000000006,241.33333333333334
118,112.66666666666661,185.0,0.6090090090090087,0.5455954238696975,0.1815058569743055,5,0,5,none,0,1,28245.76767676766,202.1919191919191,0.0,2,0,0.5909090909090902,64.99999999999991,118.63636363636353,1,0.0,0.0,0.0,0,0.0,0.0,0.0,0,0.0,0.0,0.0,0,0.635555555555556,47.6666666666667,83.5555555555556,1,93.66666666666673,71.66666666666666
119,181.66666666666663,185.0,0.9819819819819817,0.5455954238696975,0.1815058569743055,3,12,15,none,0,1,28541.29292929291,295.5252525252525,0.8,2,0,0.9909090909090902,108.99999999999991,178.63636363636354,1,0.0,0.0,0.0,0,0.0,0.0,0.0,0,0.0,0.0,0.0,0,0.9688888888888894,72.6666666666667,116.88888888888894,1,170.3333333333334,262.6666666666667
120,163.99999999999994,185.0,0.8864864864864862,0.5388400252820248,0.18155134327861078,2,4,6,none,0,1,28812.929292929275,271.6363636363635,0.6666666666666666,2,0,0.8909090909090901,97.99999999999991,163.6363636363635,1,0.0,0.0,0.0,0,0.0,0.0,0.0,0,0.0,0.0,0.0,0,0.8800000000000003,66.00000000000003,108.00000000000003,1,312.33333333333337,342.33333333333337
121,163.6666666666666,185.0,0.8846846846846843,0.5388400252820248,0.18155134327861078,6,3,9,none,0,1,29083.939393939378,271.0101010101009,0.3333333333333333,2,0,0.8363636363636356,91.99999999999991,155.45454545454533,1,0.0,0.0,0.0,0,0.0,0.0,0.0,0,0.0,0.0,0.0,0,0.9555555555555558,71.66666666666669,115.55555555555559,1,243.6666666666667,454.33333333333337
122,172.66666666666663,185.0,0.9333333333333331,0.5388400252820248,0.18155134327861078,3,3,6,none,0,1,29367.222222222204,283.28282828282823,0.5,2,0,0.9181818181818175,100.99999999999993,167.72727272727263,1,0.0,0.0,0.0,0,0.0,0.0,0.0,0,0.0,0.0,0.0,0,0.9555555555555558,71.66666666666669,115.55555555555559,1,234.6666666666667,281.33333333333337
123,144.66666666666663,185.0,0.7819819819819818,0.5388400252820248,0.18155134327861078,8,2,10,none,0,1,29613.1717171717,245.9494949494949,0.2,2,0,0.9181818181818175,100.99999999999993,167.72727272727263,1,0.0,0.0,0.0,0,0.0,0.0,0.0,0,0.0,0.0,0.0,0,0.5822222222222226,43.6666666666667,78.22222222222226,1,162.3333333333334,311.0
124,172.33333333333331,185.0,0.9315315315315315,0.5388400252820248,0.18155134327861078,7,5,12,none,0,1,29896.11111111109,282.9393939393939,0.4166666666666667,2,0,0.9484848484848479,104.33333333333327,172.2727272727272,1,0.0,0.0,0.0,0,0.0,0.0,0.0,0,0.0,0.0,0.0,0,0.9066666666666671,68.00000000000003,110.6666666666667,1,367.00000000000006,240.33333333333334
125,163.99999999999997,185.0,0.8864864864864863,0.5260793986568426,0.18272925657153266,0,6,6,none,0,1,30167.686868686847,271.57575757575756,1.0,2,0,0.8727272727272722,95.99999999999994,160.90909090909085,1,0.0,0.0,0.0,0,0.0,0.0,0.0,0,0.0,0.0,0.0,0,0.9066666666666671,68.00000000000003,110.6666666666667,1,324.00000000000006,357.66666666666663
126,180.33333333333331,185.0,0.9747747747747747,0.5260793986568426,0.18272925657153266,3,2,5,none,0,1,30461.373737373717,293.68686868686865,0.4,2,0,0.9727272727272722,106.99999999999994,175.90909090909082,1,0.0,0.0,0.0,0,0.0,0.0,0.0,0,0.0,0.0,0.0,0,0.9777777777777781,73.33333333333336,117.77777777777781,1,308.00000000000006,276.66666666666663
127,146.66666666666663,185.0,0.7927927927927926,0.5260793986568426,0.18272925657153266,10,0,10,none,0,1,30709.292929292908,247.91919191919186,0.0,2,0,0.7090909090909084,77.99999999999993,136.36363636363626,1,0.0,0.0,0.0,0,0.0,0.0,0.0,0,0.0,0.0,0.0,0,0.9155555555555558,68.66666666666669,111.55555555555559,1,152.00000000000006,186.66666666666663
128,174.66666666666663,185.0,0.9441441441441439,0.5260793986568426,0.18272925657153266,2,8,10,none,0,1,30995.393939393918,286.10101010101005,0.8,2,0,0.963636363636363,105.99999999999993,174.54545454545445,1,0.0,0.0,0.0,0,0.0,0.0,0.0,0,0.0,0.0,0.0,0,0.9155555555555558,68.66666666666669,111.55555555555559,1,203.00000000000006,245.0
129,113.66666666666663,185.0,0.6144144144144142,0.5260793986568426,0.18272925657153266,8,3,11,none,0,1,31199.242424242402,203.8484848484848,0.2727272727272727,2,0,0.6878787878787873,75.6666666666666,133.1818181818181,1,0.0,0.0,0.0,0,0.0,0.0,0.0,0,0.0,0.0,0.0,0,0.5066666666666669,38.00000000000002,70.66666666666669,1,275.00000000000006,365.0
130,155.99999999999994,185.0,0.843243243243243,0.5308850655573967,0.18469697755312067,11,2,13,none,0,1,31459.888888888865,260.64646464646455,0.15384615384615385,2,0,0.7939393939393932,87.33333333333324,149.09090909090898,1,0.0,0.0,0.0,0,0.0,0.0,0.0,0,0.0,0.0,0.0,0,0.9155555555555558,68.66666666666669,111.55555555555559,1,326.33333333333337,235.0
131,172.6666666666666,185.0,0.933333333333333,0.5308850655573967,0.18469697755312067,2,6,8,none,0,1,31743.303030303006,283.41414141414134,0.75,2,0,0.9575757575757567,105.33333333333324,173.6363636363635,1,0.0,0.0,0.0,0,0.0,0.0,0.0,0,0.0,0.0,0.0,0,0.8977777777777781,67.33333333333336,109.77777777777781,1,300.33333333333337,342.33333333333337
132,173.99999999999994,185.0,0.9405405405405403,0.5308850655573967,0.18469697755312067,4,7,11,none,0,1,32028.494949494925,285.1919191919191,0.6363636363636364,2,0,0.9575757575757567,105.33333333333324,173.6363636363635,1,0.0,0.0,0.0,0,0.0,0.0,0.0,0,0.0,0.0,0.0,0,0.9155555555555558,68.66666666666669,111.55555555555559,1,165.00000000000006,488.33333333333337
133,157.6666666666666,185.0,0.8522522522522519,0.5308850655573967,0.18469697755312067,5,1,6,none,0,1,32291.585858585833,263.090909090909,0.16666666666666666,2,0,0.8606060606060598,94.66666666666659,159.09090909090898,1,0.0,0.0,0.0,0,0.0,0.0,0.0,0,0.0,0.0,0.0,0,0.8400000000000002,63.000000000000014,104.00000000000001,1,113.66666666666671,158.33333333333337
134,169.99999999999994,185.0,0.9189189189189186,0.5308850655573967,0.18469697755312067,3,1,4,none,0,1,32571.45454545452,279.8686868686868,0.25,2,0,0.9606060606060599,105.66666666666659,174.09090909090898,1,0.0,0.0,0.0,0,0.0,0.0,0.0,0,0.0,0.0,0.0,0,0.8577777777777779,64.33333333333334,105.77777777777779,1,45.666666666666714,267.33333333333337
135,126.6666666666666,185.0,0.6846846846846844,0.5378732760783627,0.18202272449930043,4,3,7,none,0,1,32792.78787878785,221.33333333333323,0.42857142857142855,2,0,0.7333333333333326,80.66666666666659,139.9999999999999,1,0.0,0.0,0.0,0,0.0,0.0,0.0,0,0.0,0.0,0.0,0,0.6133333333333335,46.000000000000014,81.33333333333334,1,164.6666666666667,201.00000000000003
136,167.6666666666666,185.0,0.9063063063063059,0.5378732760783627,0.18202272449930043,10,1,11,none,0,1,33069.61616161613,276.82828282828274,0.09090909090909091,2,0,0.981818181818181,107.99999999999991,177.27272727272717,1,0.0,0.0,0.0,0,0.0,0.0,0.0,0,0.0,0.0,0.0,0,0.7955555555555558,59.666666666666686,99.55555555555559,1,201.6666666666667,81.00000000000003
137,170.33333333333326,185.0,0.9207207207207203,0.5378732760783627,0.18202272449930043,5,6,11,none,0,1,33349.84848484846,280.23232323232315,0.5454545454545454,2,0,0.9363636363636356,102.99999999999991,170.45454545454535,1,0.0,0.0,0.0,0,0.0,0.0,0.0,0,0.0,0.0,0.0,0,0.8977777777777779,67.33333333333334,109.77777777777779,1,280.00000000000006,142.00000000000003
138,171.6666666666666,185.0,0.9279279279279276,0.5378732760783627,0.18202272449930043,3,4,7,none,0,1,33631.85858585856,282.0101010101009,0.5714285714285714,2,0,0.9363636363636356,102.99999999999991,170.45454545454535,1,0.0,0.0,0.0,0,0.0,0.0,0.0,0,0.0,0.0,0.0,0,0.9155555555555558,68.66666666666669,111.55555555555559,1,146.00000000000006,84.6666666666667
139,138.99999999999994,185.0,0.751351351351351,0.5378732760783627,0.18202272449930043,6,3,9,none,0,1,33869.86868686866,238.01010101010093,0.3333333333333333,2,0,0.8030303030303023,88.33333333333326,150.45454545454535,1,0.0,0.0,0.0,0,0.0,0.0,0.0,0,0.0,0.0,0.0,0,0.6755555555555558,50.666666666666686,87.55555555555559,1,226.3333333333334,208.00000000000003
140,179.3333333333333,185.0,0.9693693693693691,0.5355354302673293,0.18429865946065088,5,2,7,none,0,1,34162.191919191886,292.3232323232323,0.2857142857142857,2,0,0.963636363636363,105.99999999999993,174.54545454545445,1,0.0,0.0,0.0,0,0.0,0.0,0.0,0,0.0,0.0,0.0,0,0.9777777777777781,73.33333333333336,117.77777777777781,1,205.3333333333334,200.33333333333337
141,173.66666666666663,185.0,0.9387387387387386,0.5355354302673293,0.18429865946065088,3,3,6,none,0,1,34446.78787878784,284.5959595959595,0.5,2,0,0.9121212121212114,100.33333333333326,166.81818181818173,1,0.0,0.0,0.0,0,0.0,0.0,0.0,0,0.0,0.0,0.0,0,0.9777777777777781,73.33333333333336,117.77777777777781,1,176.6666666666667,85.00000000000004
142,154.66666666666663,185.0,0.8360360360360358,0.5355354302673293,0.18429865946065088,6,6,12,none,0,1,34706.191919191886,259.40404040404036,0.5,2,0,0.9545454545454539,104.99999999999993,173.1818181818181,1,0.0,0.0,0.0,0,0.0,0.0,0.0,0,0.0,0.0,0.0,0,0.6622222222222226,49.66666666666669,86.22222222222226,1,271.00000000000006,423.66666666666674
143,161.66666666666663,185.0,0.8738738738738737,0.5355354302673293,0.18429865946065088,3,6,9,none,0,1,34974.888888888854,268.69696969696963,0.6666666666666666,2,0,0.9424242424242418,103.6666666666666,171.3636363636363,1,0.0,0.0,0.0,0,0.0,0.0,0.0,0,0.0,0.0,0.0,0,0.7733333333333338,58.00000000000003,97.33333333333337,1,401.00000000000006,601.0000000000001
144,172.66666666666663,185.0,0.9333333333333331,0.5355354302673293,0.18429865946065088,2,6,8,none,0,1,35258.252525252494,283.3636363636363,0.75,2,0,0.9424242424242418,103.6666666666666,171.3636363636363,1,0.0,0.0,0.0,0,0.0,0.0,0.0,0,0.0,0.0,0.0,0,0.9200000000000004,69.00000000000003,112.00000000000004,1,339.00000000000006,406.66666666666674
145,128.00000000000003,185.0,0.691891891891892,0.5500351158678213,0.17915256113610675,6,1,7,none,0,1,35480.74747474744,222.49494949494954,0.14285714285714285,2,0,0.5484848484848485,60.333333333333336,112.27272727272727,1,0.0,0.0,0.0,0,0.0,0.0,0.0,0,0.0,0.0,0.0,0,0.9022222222222227,67.6666666666667,110.22222222222227,1,151.00000000000009,159.66666666666674
146,176.66666666666669,185.0,0.9549549549549551,0.5500351158678213,0.17915256113610675,6,5,11,none,0,1,35769.47474747471,288.72727272727275,0.45454545454545453,2,0,0.9515151515151515,104.66666666666667,172.72727272727272,1,0.0,0.0,0.0,0,0.0,0.0,0.0,0,0.0,0.0,0.0,0,0.9600000000000004,72.00000000000003,116.00000000000004,1,223.33333333333343,215.00000000000009
147,171.33333333333337,185.0,0.9261261261261263,0.5500351158678213,0.17915256113610675,3,3,6,none,0,1,36051.18181818179,281.7070707070708,0.5,2,0,0.9787878787878789,107.66666666666667,176.81818181818184,1,0.0,0.0,0.0,0,0.0,0.0,0.0,0,0.0,0.0,0.0,0,0.8488888888888894,63.6666666666667,104.88888888888894,1,232.66666666666677,209.66666666666674
148,173.66666666666669,185.0,0.9387387387387388,0.5500351158678213,0.17915256113610675,6,6,12,none,0,1,36336.030303030275,284.8484848484849,0.5,2,0,0.9878787878787879,108.66666666666667,178.1818181818182,1,0.0,0.0,0.0,0,0.0,0.0,0.0,0,0.0,0.0,0.0,0,0.866666666666667,65.00000000000003,106.6666666666667,1,293.66666666666674,135.66666666666674
149,175.00000000000003,185.0,0.945945945945946,0.5500351158678213,0.17915256113610675,3,7,10,none,0,1,36622.40404040401,286.3737373737374,0.7,2,0,0.9121212121212122,100.33333333333334,166.81818181818184,1,0.0,0.0,0.0,0,0.0,0.0,0.0,0,0.0,0.0,0.0,0,0.9955555555555559,74.66666666666669,119.55555555555559,1,290.00000000000006,202.66666666666674
150,162.66666666666669,185.0,0.8792792792792794,0.5613461779851099,0.17092607133474355,6,1,7,none,0,1,36892.32323232321,269.919191919192,0.14285714285714285,2,0,0.9090909090909092,100.00000000000001,166.36363636363637,1,0.0,0.0,0.0,0,0.0,0.0,0.0,0,0.0,0.0,0.0,0,0.8355555555555558,62.666666666666686,103.55555555555559,1,170.66666666666674,254.00000000000006
151,175.00000000000006,185.0,0.9459459459459463,0.5613461779851099,0.17092607133474355,8,1,9,none,0,1,37178.717171717144,286.39393939393943,0.1111111111111111,2,0,0.9181818181818183,101.00000000000001,167.72727272727275,1,0.0,0.0,0.0,0,0.0,0.0,0.0,0,0.0,0.0,0.0,0,0.986666666666667,74.00000000000003,118.6666666666667,1,159.66666666666674,308.00000000000006
152,181.00000000000006,185.0,0.9783783783783787,0.5613461779851099,0.17092607133474355,5,8,13,none,0,1,37473.33333333331,294.61616161616166,0.6153846153846154,2,0,0.984848484848485,108.33333333333334,177.72727272727275,1,0.0,0.0,0.0,0,0.0,0.0,0.0,0,0.0,0.0,0.0,0,0.9688888888888894,72.6666666666667,116.88888888888894,1,126.3333333333334,171.00000000000006
153,171.33333333333337,185.0,0.9261261261261263,0.5613461779851099,0.17092607133474355,4,7,11,none,0,1,37755.07070707068,281.7373737373738,0.6363636363636364,2,0,0.9878787878787879,108.66666666666667,178.1818181818182,1,0.0,0.0,0.0,0,0.0,0.0,0.0,0,0.0,0.0,0.0,0,0.835555555555556,62.6666666666667,103.5555555555556,1,220.00000000000006,179.3333333333334
154,175.66666666666674,185.0,0.94954954954955,0.5613461779851099,0.17092607133474355,6,7,13,none,0,1,38042.38383838381,287.3131313131314,0.5384615384615384,2,0,0.9272727272727274,102.00000000000001,169.0909090909091,1,0.0,0.0,0.0,0,0.0,0.0,0.0,0,0.0,0.0,0.0,0,0.9822222222222229,73.66666666666671,118.22222222222229,1,362.33333333333337,226.00000000000006
155,176.66666666666674,185.0,0.9549549549549554,0.5555431684980046,0.17037481022062967,3,3,6,none,0,1,38331.10101010098,288.7171717171718,0.5,2,0,0.9484848484848486,104.33333333333334,172.27272727272728,1,0.0,0.0,0.0,0,0.0,0.0,0.0,0,0.0,0.0,0.0,0,0.9644444444444451,72.33333333333339,116.44444444444451,1,263.6666666666667,364.66666666666674
156,179.33333333333337,185.0,0.9693693693693696,0.5555431684980046,0.17037481022062967,4,7,11,none,0,1,38623.454545454515,292.35353535353545,0.6363636363636364,2,0,0.9727272727272728,107.0,175.9090909090909,1,0.0,0.0,0.0,0,0.0,0.0,0.0,0,0.0,0.0,0.0,0,0.9644444444444451,72.33333333333339,116.44444444444451,1,387.33333333333337,354.3333333333334
157,145.00000000000003,185.0,0.7837837837837839,0.5555431684980046,0.17037481022062967,11,2,13,none,0,1,38869.68686868684,246.23232323232327,0.15384615384615385,2,0,0.8696969696969696,95.66666666666666,160.45454545454544,1,0.0,0.0,0.0,0,0.0,0.0,0.0,0,0.0,0.0,0.0,0,0.6577777777777783,49.33333333333338,85.77777777777783,1,245.00000000000003,380.0000000000001
158,173.33333333333337,185.0,0.9369369369369371,0.5555431684980046,0.17037481022062967,8,3,11,none,0,1,39153.99999999997,284.3131313131314,0.2727272727272727,2,0,0.9606060606060606,105.66666666666666,174.0909090909091,1,0.0,0.0,0.0,0,0.0,0.0,0.0,0,0.0,0.0,0.0,0,0.9022222222222228,67.66666666666671,110.22222222222229,1,173.33333333333337,358.3333333333334
159,171.33333333333337,185.0,0.9261261261261263,0.5555431684980046,0.17037481022062967,3,11,14,none,0,1,39435.58585858583,281.58585858585866,0.7857142857142857,2,0,0.9424242424242424,103.66666666666666,171.36363636363635,1,0.0,0.0,0.0,0,0.0,0.0,0.0,0,0.0,0.0,0.0,0,0.9022222222222228,67.66666666666671,110.22222222222229,1,527.0,219.33333333333343
160,157.33333333333337,185.0,0.8504504504504506,0.5673684552564457,0.17357739375127954,8,2,10,none,0,1,39698.58585858583,263.00000000000006,0.2,2,0,0.9666666666666667,106.33333333333333,175.0,1,0.0,0.0,0.0,0,0.0,0.0,0.0,0,0.0,0.0,0.0,0,0.6800000000000007,51.00000000000005,88.00000000000007,1,507.0,339.3333333333334
161,165.33333333333337,185.0,0.8936936936936939,0.5673684552564457,0.17357739375127954,4,6,10,none,0,1,39972.33333333331,273.7474747474748,0.6,2,0,0.990909090909091,109.0,178.63636363636365,1,0.0,0.0,0.0,0,0.0,0.0,0.0,0,0.0,0.0,0.0,0,0.7511111111111117,56.33333333333338,95.11111111111117,1,338.66666666666663,532.0000000000001
162,132.6666666666667,185.0,0.7171171171171173,0.5673684552564457,0.17357739375127954,5,0,5,none,0,1,40201.57575757573,229.2424242424243,0.0,2,0,0.706060606060606,77.66666666666667,135.9090909090909,1,0.0,0.0,0.0,0,0.0,0.0,0.0,0,0.0,0.0,0.0,0,0.733333333333334,55.00000000000004,93.3333333333334,1,124.99999999999994,332.0000000000001
163,177.6666666666667,185.0,0.9603603603603607,0.5673684552564457,0.17357739375127954,6,5,11,none,0,1,40491.61616161613,290.0404040404041,0.45454545454545453,2,0,0.9454545454545454,104.0,171.8181818181818,1,0.0,0.0,0.0,0,0.0,0.0,0.0,0,0.0,0.0,0.0,0,0.9822222222222229,73.66666666666671,118.22222222222229,1,240.66666666666666,376.6666666666668
164,172.00000000000006,185.0,0.92972972972973,0.5673684552564457,0.17357739375127954,1,5,6,none,0,1,40773.929292929264,282.3131313131314,0.8333333333333334,2,0,0.8939393939393939,98.33333333333333,164.0909090909091,1,0.0,0.0,0.0,0,0.0,0.0,0.0,0,0.0,0.0,0.0,0,0.9822222222222229,73.66666666666671,118.22222222222229,1,379.3333333333333,257.3333333333334
165,159.6666666666667,185.0,0.8630630630630634,0.5664793074248508,0.16797604918871026,4,3,7,none,0,1,41039.919191919165,265.989898989899,0.42857142857142855,2,0,0.9303030303030303,102.33333333333333,169.54545454545453,1,0.0,0.0,0.0,0,0.0,0.0,0.0,0,0.0,0.0,0.0,0,0.764444444444445,57.33333333333338,96.4444444444445,1,277.3333333333333,295.3333333333334
166,68.6666666666667,185.0,0.3711711711711714,0.5664793074248508,0.16797604918871026,3,3,6,none,0,1,41183.030303030275,143.11111111111114,0.5,2,0,0.4666666666666666,51.33333333333333,99.99999999999999,1,0.0,0.0,0.0,0,0.0,0.0,0.0,0,0.0,0.0,0.0,0,0.23111111111111166,17.333333333333375,43.111111111111164,1,246.66666666666666,410.3333333333334
167,155.33333333333337,185.0,0.8396396396396398,0.5664793074248508,0.16797604918871026,7,3,10,none,0,1,41443.11111111108,260.0808080808081,0.3,2,0,0.8909090909090908,97.99999999999999,163.63636363636363,1,0.0,0.0,0.0,0,0.0,0.0,0.0,0,0.0,0.0,0.0,0,0.7644444444444449,57.33333333333337,96.44444444444449,1,253.0,290.3333333333334
168,170.33333333333337,185.0,0.920720720720721,0.5664793074248508,0.16797604918871026,3,7,10,none,0,1,41723.3636363636,280.2525252525253,0.7,2,0,0.9424242424242424,103.66666666666666,171.36363636363635,1,0.0,0.0,0.0,0,0.0,0.0,0.0,0,0.0,0.0,0.0,0,0.8888888888888893,66.6666666666667,108.88888888888893,1,368.66666666666663,320.6666666666668
169,167.33333333333337,185.0,0.9045045045045047,0.5664793074248508,0.16797604918871026,2,6,8,none,0,1,41999.74747474744,276.38383838383845,0.75,2,0,0.9818181818181818,108.0,177.27272727272728,1,0.0,0.0,0.0,0,0.0,0.0,0.0,0,0.0,0.0,0.0,0,0.7911111111111115,59.333333333333364,99.11111111111116,1,249.66666666666663,413.6666666666668
170,93.33333333333337,185.0,0.5045045045045047,0.5651382554272654,0.19034732519235145,5,1,6,none,0,1,42176.252525252494,176.50505050505052,0.16666666666666666,2,0,0.6181818181818182,68.0,122.72727272727272,1,0.0,0.0,0.0,0,0.0,0.0,0.0,0,0.0,0.0,0.0,0,0.3377777777777782,25.333333333333364,53.777777777777814,1,249.66666666666663,203.6666666666668
171,151.33333333333334,185.0,0.8180180180180181,0.5651382554272654,0.19034732519235145,8,4,12,none,0,1,42430.79797979795,254.54545454545456,0.3333333333333333,2,0,0.8303030303030301,91.33333333333331,154.5454545454545,1,0.0,0.0,0.0,0,0.0,0.0,0.0,0,0.0,0.0,0.0,0,0.8000000000000004,60.00000000000003,100.00000000000004,1,279.66666666666663,376.3333333333335
172,155.66666666666669,185.0,0.8414414414414415,0.5651382554272654,0.19034732519235145,4,2,6,none,0,1,42691.252525252494,260.4545454545455,0.3333333333333333,2,0,0.8696969696969695,95.66666666666664,160.45454545454544,1,0.0,0.0,0.0,0,0.0,0.0,0.0,0,0.0,0.0,0.0,0,0.8000000000000004,60.00000000000003,100.00000000000004,1,156.99999999999994,219.00000000000017
173,108.33333333333334,185.0,0.5855855855855856,0.5651382554272654,0.19034732519235145,2,3,5,none,0,1,42887.71717171714,196.46464646464648,0.6,2,0,0.6060606060606059,66.66666666666664,120.90909090909088,1,0.0,0.0,0.0,0,0.0,0.0,0.0,0,0.0,0.0,0.0,0,0.5555555555555559,41.66666666666669,75.5555555555556,1,328.33333333333326,219.00000000000017
174,151.66666666666669,185.0,0.8198198198198199,0.5651382554272654,0.19034732519235145,4,0,4,none,0,1,43143.08080808078,255.36363636363635,0.0,2,0,0.9424242424242422,103.66666666666664,171.36363636363632,1,0.0,0.0,0.0,0,0.0,0.0,0.0,0,0.0,0.0,0.0,0,0.6400000000000003,48.00000000000003,84.00000000000003,1,237.33333333333326,138.00000000000017
175,171.0,185.0,0.9243243243243243,0.5469937943316782,0.2000969276382674,4,8,12,none,0,1,43424.26262626259,281.1818181818182,0.6666666666666666,2,0,0.9545454545454544,104.99999999999999,173.18181818181816,1,0.0,0.0,0.0,0,0.0,0.0,0.0,0,0.0,0.0,0.0,0,0.8800000000000003,66.00000000000003,108.00000000000003,1,142.33333333333323,91.66666666666683
176,172.33333333333337,185.0,0.9315315315315318,0.5469937943316782,0.2000969276382674,3,1,4,none,0,1,43707.353535353504,283.0909090909091,0.25,2,0,0.9939393939393939,109.33333333333333,179.0909090909091,1,0.0,0.0,0.0,0,0.0,0.0,0.0,0,0.0,0.0,0.0,0,0.8400000000000004,63.00000000000003,104.00000000000004,1,130.66666666666654,91.66666666666683
177,178.0,185.0,0.9621621621621622,0.5469937943316782,0.2000969276382674,7,4,11,none,0,1,43997.94949494946,290.5959595959596,0.36363636363636365,2,0,0.9787878787878787,107.66666666666666,176.81818181818178,1,0.0,0.0,0.0,0,0.0,0.0,0.0,0,0.0,0.0,0.0,0,0.937777777777778,70.33333333333336,113.7777777777778,1,255.66666666666654,156.33333333333348
178,151.66666666666669,185.0,0.8198198198198199,0.5469937943316782,0.2000969276382674,4,2,6,none,0,1,44253.090909090875,255.14141414141415,0.3333333333333333,2,0,0.8757575757575756,96.33333333333331,161.36363636363635,1,0.0,0.0,0.0,0,0.0,0.0,0.0,0,0.0,0.0,0.0,0,0.7377777777777781,55.33333333333336,93.77777777777781,1,190.9999999999999,130.66666666666683
179,163.0,185.0,0.8810810810810811,0.5469937943316782,0.2000969276382674,6,2,8,none,0,1,44523.676767676734,270.5858585858586,0.25,2,0,0.9757575757575756,107.33333333333331,176.36363636363635,1,0.0,0.0,0.0,0,0.0,0.0,0.0,0,0.0,0.0,0.0,0,0.7422222222222226,55.66666666666669,94.22222222222226,1,76.33333333333323,205.66666666666683
180,177.33333333333334,185.0,0.9585585585585586,0.5488166710626404,0.19364139498657548,6,5,11,none,0,1,44813.3838383838,289.70707070707067,0.45454545454545453,2,0,0.9787878787878787,107.66666666666666,176.81818181818178,1,0.0,0.0,0.0,0,0.0,0.0,0.0,0,0.0,0.0,0.0,0,0.9288888888888891,69.66666666666669,112.88888888888891,1,67.9999999999999,342.66666666666686
181,174.33333333333334,185.0,0.9423423423423424,0.5488166710626404,0.19364139498657548,4,2,6,none,0,1,45099.13131313128,285.7474747474747,0.3333333333333333,2,0,0.9909090909090907,108.99999999999999,178.6363636363636,1,0.0,0.0,0.0,0,0.0,0.0,0.0,0,0.0,0.0,0.0,0,0.8711111111111114,65.33333333333336,107.11111111111114,1,107.66666666666657,205.0000000000002
182,170.0,185.0,0.918918918918919,0.5488166710626404,0.19364139498657548,4,3,7,none,0,1,45378.68686868683,279.55555555555554,0.42857142857142855,2,0,0.8666666666666665,95.33333333333331,159.99999999999997,1,0.0,0.0,0.0,0,0.0,0.0,0.0,0,0.0,0.0,0.0,0,0.9955555555555559,74.66666666666669,119.55555555555559,1,99.33333333333323,286.0000000000002
183,130.0,185.0,0.7027027027027027,0.5488166710626404,0.19364139498657548,9,1,10,none,0,1,45604.515151515116,225.82828282828282,0.1,2,0,0.7484848484848483,82.33333333333331,142.27272727272725,1,0.0,0.0,0.0,0,0.0,0.0,0.0,0,0.0,0.0,0.0,0,0.6355555555555558,47.666666666666686,83.55555555555557,1,82.66666666666656,175.33333333333354
184,161.66666666666666,185.0,0.8738738738738738,0.5488166710626404,0.19364139498657548,5,1,6,none,0,1,45873.02020202017,268.50505050505046,0.16666666666666666,2,0,0.8848484848484847,97.33333333333331,162.7272727272727,1,0.0,0.0,0.0,0,0.0,0.0,0.0,0,0.0,0.0,0.0,0,0.8577777777777779,64.33333333333334,105.77777777777779,1,57.666666666666565,147.0000000000002
185,147.66666666666666,185.0,0.7981981981981981,0.5494872427822701,0.18835860744967597,4,3,7,none,0,1,46122.64646464643,249.62626262626262,0.42857142857142855,2,0,0.8212121212121211,90.33333333333331,153.18181818181816,1,0.0,0.0,0.0,0,0.0,0.0,0.0,0,0.0,0.0,0.0,0,0.7644444444444446,57.33333333333334,96.44444444444446,1,90.9999999999999,232.0000000000002
186,132.0,185.0,0.7135135135135136,0.5494872427822701,0.18835860744967597,7,5,12,none,0,1,46351.090909090875,228.44444444444443,0.4166666666666667,2,0,0.7333333333333332,80.66666666666664,139.99999999999997,1,0.0,0.0,0.0,0,0.0,0.0,0.0,0,0.0,0.0,0.0,0,0.6844444444444445,51.33333333333334,88.44444444444446,1,327.9999999999999,286.66666666666686
187,174.0,185.0,0.9405405405405406,0.5494872427822701,0.18835860744967597,8,2,10,none,0,1,46636.17171717168,285.0808080808081,0.2,2,0,0.924242424242424,101.66666666666664,168.6363636363636,1,0.0,0.0,0.0,0,0.0,0.0,0.0,0,0.0,0.0,0.0,0,0.9644444444444445,72.33333333333334,116.44444444444446,1,388.3333333333332,188.0000000000002
188,171.33333333333331,185.0,0.926126126126126,0.5494872427822701,0.18835860744967597,3,10,13,none,0,1,46917.94949494946,281.77777777777777,0.7692307692307693,2,0,0.9999999999999999,109.99999999999999,179.99999999999997,1,0.0,0.0,0.0,0,0.0,0.0,0.0,0,0.0,0.0,0.0,0,0.8177777777777779,61.33333333333334,101.7777777777778,1,555.9999999999999,239.66666666666686
189,133.66666666666666,185.0,0.7225225225225225,0.5494872427822701,0.18835860744967597,5,1,6,none,0,1,47148.656565656536,230.70707070707073,0.16666666666666666,2,0,0.7454545454545454,81.99999999999999,141.8181818181818,1,0.0,0.0,0.0,0,0.0,0.0,0.0,0,0.0,0.0,0.0,0,0.688888888888889,51.66666666666667,88.8888888888889,1,299.9999999999999,119.0000000000002
190,157.33333333333331,185.0,0.8504504504504503,0.5418975692097739,0.18664809331294818,8,3,11,none,0,1,47411.464646464614,262.80808080808083,0.2727272727272727,2,0,0.909090909090909,99.99999999999999,166.36363636363635,1,0.0,0.0,0.0,0,0.0,0.0,0.0,0,0.0,0.0,0.0,0,0.7644444444444446,57.33333333333334,96.44444444444446,1,269.9999999999999,334.0000000000002
191,173.66666666666669,185.0,0.9387387387387388,0.5418975692097739,0.18664809331294818,4,5,9,none,0,1,47696.252525252494,284.7878787878788,0.5555555555555556,2,0,0.9696969696969696,106.66666666666666,175.45454545454544,1,0.0,0.0,0.0,0,0.0,0.0,0.0,0,0.0,0.0,0.0,0,0.8933333333333335,67.00000000000001,109.33333333333336,1,302.3333333333332,380.0000000000002
192,165.0,185.0,0.8918918918918919,0.5418975692097739,0.18664809331294818,1,2,3,none,0,1,47969.48484848482,273.2323232323232,0.6666666666666666,2,0,0.9696969696969696,106.66666666666666,175.45454545454544,1,0.0,0.0,0.0,0,0.0,0.0,0.0,0,0.0,0.0,0.0,0,0.7777777777777779,58.33333333333334,97.77777777777779,1,126.3333333333332,179.66666666666688
193,122.0,185.0,0.6594594594594595,0.5418975692097739,0.18664809331294818,4,1,5,none,0,1,48185.131313131285,215.64646464646464,0.2,2,0,0.8939393939393938,98.33333333333331,164.09090909090907,1,0.0,0.0,0.0,0,0.0,0.0,0.0,0,0.0,0.0,0.0,0,0.3155555555555557,23.66666666666668,51.55555555555557,1,107.3333333333332,129.66666666666688
194,132.66666666666666,185.0,0.7171171171171171,0.5418975692097739,0.18664809331294818,6,1,7,none,0,1,48414.75757575755,229.62626262626262,0.14285714285714285,2,0,0.8212121212121211,90.33333333333331,153.18181818181816,1,0.0,0.0,0.0,0,0.0,0.0,0.0,0,0.0,0.0,0.0,0,0.5644444444444445,42.33333333333334,76.44444444444446,1,148.3333333333332,39.666666666666885
195,117.33333333333331,185.0,0.6342342342342341,0.5342868273048885,0.1880787342720453,2,1,3,none,0,1,48623.47474747472,208.7171717171717,0.3333333333333333,2,0,0.6818181818181815,74.99999999999997,132.27272727272725,1,0.0,0.0,0.0,0,0.0,0.0,0.0,0,0.0,0.0,0.0,0,0.5644444444444445,42.33333333333334,76.44444444444446,1,146.99999999999986,66.00000000000023
196,139.33333333333331,185.0,0.753153153153153,0.5342868273048885,0.1880787342720453,11,2,13,none,0,1,48862.36363636361,238.88888888888886,0.15384615384615385,2,0,0.933333333333333,102.66666666666663,169.99999999999994,1,0.0,0.0,0.0,0,0.0,0.0,0.0,0,0.0,0.0,0.0,0,0.48888888888888904,36.66666666666668,68.88888888888891,1,146.99999999999986,156.00000000000023
197,162.33333333333331,185.0,0.8774774774774774,0.5342868273048885,0.1880787342720453,3,3,6,none,0,1,49131.82828282825,269.4646464646464,0.5,2,0,0.9060606060606057,99.66666666666663,165.90909090909085,1,0.0,0.0,0.0,0,0.0,0.0,0.0,0,0.0,0.0,0.0,0,0.8355555555555557,62.66666666666668,103.55555555555557,1,98.99999999999986,312.0000000000002
198,172.66666666666663,185.0,0.9333333333333331,0.5342868273048885,0.1880787342720453,4,7,11,none,0,1,49415.242424242395,283.4141414141414,0.6363636363636364,2,0,0.9575757575757573,105.3333333333333,173.6363636363636,1,0.0,0.0,0.0,0,0.0,0.0,0.0,0,0.0,0.0,0.0,0,0.8977777777777779,67.33333333333334,109.77777777777779,1,353.9999999999999,370.0000000000002
199,135.33333333333331,185.0,0.7315315315315314,0.5342868273048885,0.1880787342720453,4,1,5,none,0,1,49647.83838383835,232.59595959595956,0.2,2,0,0.6454545454545452,70.99999999999997,126.81818181818177,1,0.0,0.0,0.0,0,0.0,0.0,0.0,0,0.0,0.0,0.0,0,0.8577777777777779,64.33333333333334,105.77777777777779,1,272.9999999999999,370.0000000000002
